20665
-54190
-26611
69941
-34245
19060
-26324
-96551
61800
48372
-32537
-115126
58519
-102061
-95937                                                                                              
53886                                                                                               
30890                                                                                               
49248                                                                                               
90728                                                                                               
36885
