-558020414
-554397156
-502535182
-776899134
1030355660
-765772296
172670016
-1061709448
623054314
-225258189
989365253
-344148283
216228076
-309397105
832873680
222524670
-723475751
1041556317
428697839
60391663
-413426439
-637157816
791088815
-77115259
-368866170
-876634753
-331331322
-773986797
94744440
-371597072
-86281605
161400157
-1016316657
753608845                                                                                           
116051447                                                                                           
630217924
