20665
-54190
-26611
69941
-34245
19060
-26324
-96551
61800
48372
-32537
-115126
58519
-102061
-95937                                                                                              
53886                                                                                               
30890                                                                                               
49248                                                                                               
90728                                                                                               
36885
-3265
-1224
-2247
-3565
414
-3401
-1879
-3574
2121
-71
2500
3160
4065
-1444
-2883
1654
