17516291110519048474172675984995626
27358836921818098373648231695935324
17243193133759610687707210975757991
18396943069574152124249325293490850
-3842312130332867709462666599786794
-32159850923703408800898801182702167
25232191242483738837444437286939530
5982574582302613888748089100681977
77677001585701919823700331299283711
17106497319822817810195668017222872
71389668696368637715561904589142548
56591383623724564402131791180426126
-80726709685550210631861255819711503
-80246656904696233043598493856715709
-79390448046131196080041371060405366
-2914847876725303179349617044593574
-84907235838881110674775897378745256
-63620911628612786028781959726805900
-27605987043170866460446905987153272
80301451989233504704699296954335168
12514700524767611017035727510806801
-5400369378461583812414519549809015
56112036887536240416871374355504715
-9668250239037601661693556012061406
18650168700416990528068869527803859
-67781212765117601560074550936728616
-2352715202836667381191217844310314
-24884861368821542531852855183757563
21440167545660969332617363620626659
78791953179498834419848160861449427
-54853392846594468645049179341575369
-987068593884906178852008697464224
80226753657578940637174579969223546
27959928315970822050144726284812180
-24523638625904318626524481344798207
-70243370384505994198247360098971565
-25268189629148260912270190746872548
14663294614223925187123963900993464
54470593528946020395683695051534919
20251926412422174791993276599996960
