-18292307474
-50718325
17551197579
121235011
-27970771236
-46039139239
66611074531
62387307571
-27501462
-576832722
56760474561
-441448265
35082555455
-577657844
597919290
389590999
56419686183
-23353967
3329202723
9834339
-371540534
-49946740984
41410213956
206533889
-4619666654
787815396
57754157039
-345871085
59600536460
594383713
47916956460
53680011512
780673353
9162817940                                                                                          
4930900182                                                                                         
904727886                                                                                         
686984302                                                                                         
-5781765773                                                                                        
-5585833289                                                                                         
-528921151                                                                                        
535110529
-381571835
