-18292307474
-37450718325
17551197579
11321235011
-27970771236
-46039139239
66611074531
62387307571
-39277501462
-57683261722
56760474561
-44144825965
35082555455
-51177657844
59217919290
38809590999
56419686183
-2253353967
3329202723
60981434339
-52371540534
-49946740984
41410213956
206533889
-54619666654
7887815396
57754157039
-34345871085
59600536460
35594383713
47916956460
53680011512
32780673353
9162817940                                                                                          
54930900182                                                                                         
37904727886                                                                                         
68698474302                                                                                         
-57814765773                                                                                        
-5585833289                                                                                         
-52899121151                                                                                        
53511052139
-38157186335
