6244059768781
-17330049317199
9304324357042
17048974837011
983071795340
-4359154024952
-3849731610048
-3218642541625
-12985815739673
13712029904315
-14457687112172
9784776310730
-12652638679919
6540596122411
9388102167049
17282368035767
-9038533814038
9365809572254
-13687143785381
-12715398931332
10458390599005
-11287510978726
16799277429084
3861260316637
8085213943553
8579504988015
3253155180164
12373346095910
9249915584559
1938326709538
17384538323376
15469701100689
5078872699789
-5152358501426
7693119092638
-15934947075629
16088318367141
14825355414458
-9088351579281
-2270355233959
-3364628987997
15195724016892
-6528194725719
-10067133652167
-6300482039161
-6748511463743
11647632696524
-10500411306698
