-2510151289958
2972308895688
590976543617
4156777133557
1238926186593
4002298738758
212228973964
-3793982490211
-541432091317
-3235266617538
-2316189881330
2593936050268
-275936269180
1188768724183
1293140260916
1100683159091
900467602993
-880269951528
-450418129541
-133419310152
-972483545981
-334464234956
-991308902551
-480034675212
415595273614
112973690087
-81997880062
-618460868218
29566243491
524030646791
-591015424930
-265219369016
-234666177534
-270119228099
87695063056
35638011188
178119539822
70266882855
-256756968768
-157351351566
-134185139701
-20081675534
-128039373630
49133542440
3683012048
72281656960
813617453
73654562798