10061314879656
66683135984864
-64752789370666
-8771770476502
-4819046251527
-55578550315291
12076538723393
66982881954653
49895256791392
36801064689419
31405599421175
-19169748963899
-49726744806644
-32635699610749
-27969170273461
-40829552793925
42554359827544
33565842947067
-55483870451932
18152732468614
53689512399110
11930737401670
56113876597046
-9638352731228
30192452462851
46100773651754
-48752892126621
2368007192913
9358967363485
8857903431673
29713769178862
-37344925471220
-67367072126360
-60020673061781
-19772096233484
-1768912793612
11421275315805
48060318362391
20766955815570
49724016943097
63669342153697
-28019654196732
69615009644020
-34208660705653
61860169678788
-47978923028764
-49154801943748
-62697447434968
-27612905110821
-46439216224421
