125586977359378
-96299423740081
-163177056975179
255866884464644
-273656364180105
217781484924276
-198545278725377
-13671872068985
79252930704789
-181328988127280
279549690139330
113233252613646
-53467539912450
-218031803781388
212520897015559
-49390428950130
229086512017922
-196775555594494
51027244021796
27742094863035
42152016921772
38518328316765
64732824776533
25569975549694
1059485800938
-27566935041261
-56593679796559
-15204044670479
-23151078674938
-15440077281547
-61739278178243
-24337736395774
-8857929447470
-46185962207705
-36364814209493
-56622265782511
7177605809157
2958261064495
-7855130932508
3976501841191
2359570758886
-3475915226654
-5094480555470
-6936160240549
-8149079349518
-5731191745708
-128898034532
3521209910830
-2313744667196
-6796947984549
1735380278866
1370249741774
-284628309561
2943921920417
