1020391898041454
-543071208345109
-229877727359813
935900004286808
-549811559721398
96467409418290
-38826099454570
165557875558922
-494144773741868
-577254187803811
-893217759396453
-475042301761157
-306390587993007
419116648482830
466733163999698
-54145533635370
-171459505569713
-300183772122339
920202156755629
609238851948888
-781867397253530
278039902880602
592691041527503
746237203741092
933260176108103
756886344663249
-1101673954612652
921394792576040
328431133615331
-907285019990309
1110493887223389
16256831990513
-974388019098304
971982261837876
-748136858469334
464692936429130
582293483098423
810891074206246
-1113206724208228
403013305279054
-70878589454825
-574360306783386
97032285263919
909098721020261
63612453427660
199406883690019
362264730062033
578967381040374
-1028936449631029
253641150700342
872261363906087
-911892336536059
-302086802654979
409156406363058
276980461684126
