1097906189200660
4419094970282663
-1097568975332733
3686159773134472
3870527320217451
2277849994347344
-3730918155429899
-1194414101343279
-1882833885809980
-2432317081865762
-384488544434946
-197628551505387
-1749848384155195
-4183647431943811
-3069226496353460
2768362193291862
-4472017638614510
1407116261666821
4472975017594037
-1845542445613942
-2631147813554022
-2682408766218548
-1288211096006270
616172688513747
-74596416901643
-1095654900648444
2343448539519167
28282391857730
-4356141518214880
-2687965390163683
-3176426241603836
-2723227199799465
4242454643328916
-4132793689316667
-4468617926902745
-2257638864552654
2897679550936123
-3470312133837544
-3700182241685942
-191715858050281
3034150758289281
-895199145530537
3296623606337200
82054665006063
-2219327220198614
3958284622795033
796391261381513
6162560660385
-568498588466071
-2889892770386133
2787553906553240
242880815953097
2925150943377544
-1703500582559084
2484748426786359
-1362945627976443
-156092580886895
-2505928020230839
-3167058300417594
-3860193609348923
