118329891746297
100091902925739
-31431972380801
192382732949251
216379093374503
35403441439278
-176999814583294
-230772463611076
-30370062225173
-152455379709554
-121650615790268
-99186699477492
222762126697729
-181081418372272
244794718482837
38091663906047
-210575171824048
-164135477221139
30013482468653
-74247984057278
78668126936568
-273016230739738
30430139264665
-123191077751872
-246028458807428
-143859248010744
-238941380175685
249725267680566
-59546301688902
14412198111585
134165573717980
-28660879056365
105060513049
-3076102611754
-3864523173609
-3055599192367
-896258874135
4096232328559
1866695026275
-4168271128335
-2005118128052
3425649894683
-1813681153602
3379781776384
-2388322077477
3451863157758
-278686818399
-1069003005404
-1281557024575
-2542126709222
-3971958838989
2829338070752
2273052425993
2225684484804
-1702511518979
1273746781105
-2615633195159
2564675743598
-249357781521
-1480774850404