-1959593792
-1732599180
5688461503
-2705345483
-871707929
7410849926
-728334184
7048833107
5727896886
78389259
-8547746766
-5790941149
-5897152028
-6346008640
4277464643
-4615155969
3892281575
-8540559049
-1625233550
-2022299503
4023402704
-3949044031
-2410290816
-7630962321
3680963401
-7883186103
-7378061562
-5312178510
-7145280970
7307698119
1439551559
-6513415355
712592227
-1420295707
-3612242265
-1018135522289
-569619823939
505138245320
297439213647
-28314526870
448367874518
925480256453
-287349255498
646544373348
360896724881
1052612721751
-477556578960
-580356763904
-88298284178
295898324597
-225572678389
1073896347198
536114064820
-592784327173
699253381615
-314936536588
839068913321
859945296895
-91789477040
-617036879155