-8775968095281000
6382622099132686
-5322108074643294
-1586904046462144
3471814491928426
4412129129279046
-1180002966774651
8516356237462709
4859264658631630
-1953225265735030
-1562844710159969
-14122836701907
3097198975050432
-924449067310766
-7112395848170009
8074174290707803
-8327231591115633
-5989729701249406
5748470037364724
-5602918090528634
374032589096713
-93994816937005
-1615722855139354
1652830423898624
475537267053396
1389862415492489
-94908121792863
309312456581332
-1279888715660065
-543249400384052
-278148664405809
383705626186207
725031385102388
-991703363860406
-633844491487565
1616260985370812
-1504338031399064
-1586203126596906
-1756536886826166
569270527015961
-136098055010853
-58598754587916
-252508846934322
-13251524034231
16946808277041
-127153393048389
-26624064200220
70317360047473
102296516515126
-270295154184196
207422166301820
-94125517172438
-211491718451763
196661262744423
181795044821223
31655898394804
-69013828653602
278132949227711
-259954836331568
102944854843225
