-1539837716606
-2109623041048
-1587667411408
1738380070568
83744639241
-1479625306189
-1485738203200
-380393360284
-590684227073
-1052133102884
1975655854226
-1861767260973
-1856291961142
1305539918691
-1561149546593
-1784584337525
1404629196052
-1227706549138
2042427710439
380080103029
1629496792487
141709839637
1921754817498
1072771539867
-1107607605957
911598098039
-1051083686132
-1007172923734
-90089405522
542996596226
710025765519
87443686609
-452732103508
543754773345
-82505345856
973602419998
-448463638062
581490168687
-880615828330
312844636398
57295044845
567337366950
-719698291165
-398542815464
-707930065997
739285730744
175786654691
901966516507
110319820580
216112721874
447758069420
757938618099
-289096257966
880539863397
15843292188
861277225010
1058250648513
724265324339
-517993147088
323874022381
