-131283481077268755
136889843822247074
-568433792372202447
-349752338390282713
515822946853842783
297176960941695799
33607046693814508
106997031701884345
160360770983473270
-176059912948443769
-469759609594344343
-289277648529526666
-477614559409137104
-227036053130939320
-483906215911524114
-400908759249197546
486505402317317344
252175864249706471
-456228533744088140
220389498705375901
385944540662698768
432397639728450704
350714996894085632
-23446014261217207
1442424033775222
-104771366495038092
422039783838300846
64061017451952423
344990748985722037
560449214230881723
288520527255517057
-19607668127427639
390898295078146230
50954269216147225
377919923515602664
168920879391016771
-346687056479987386
-138593043281327717
-147965286165608487
-72917117914910308
312389928190330134
-378616944268934717
122296005698949422
-174787026779563194
-136291783333434321
-556615314443493086
427545399480016315
-332420531608707683
-500881163904376298
558295817042135947
-125869358270674445
150259918777672260
-223651267318079367
125515581821673408
-271321955469855690
90153668296948715
-232345900763345000
-66877144273170611
239287976206147416
343600694210674325
284715971799764850
-24146416229155357
-140695760204100679
122337311786959358
