568858144674432075
508939011099378664
-8825312776142645
-569423527024244266
90513844632383202
-254872685004072743
-23537730317828762
-486912685290253544
-301106822046237228
649092932533394
63098224102641500
53978864941348314
434358628805004394
-137385846848730380
565802310576949260
-66349482129678406
-361205934252075357
227021286087897714
528819967815695859
415827402235281255
-120832285001078099
-330432876755656636
-554442885180168012
-164913491448683050
333021825879852578
448170906088378299
-322701372121290791
127196533928408698
-215678645376577687
-280743491577369655
506496936793357792
34902243089910577
-336988976536630541
-214036856194616535
-543555189228271800
282002525313398636
219305960817509681
465155386320329457
-5771792150859950
217190606901537784
-427201156370694663
102961574518582320
-175935767813310502
-432042929913361497
149590201342825624
-95995686488222136
22837190070624925
129865883061015203
264958124867872339
33389749223537802
531831963401696053
481858343138666570
-376214256782948861
408530500854949871
219543723823607973
-155874064131507489
-407080341854497570
-450526049689983947
-495824216508734827
-343858071760559090
277587532278004730
58801133386751167
-521937930658956973
345328529138509559
288882891514611475
-299541125472076860
