3008748966661922167
1208110597665297511
-4344753066334868442
140197782015285329
2747126982822646100
-1645871286269297725
1734814269361163125
-3318615332229434305
2041079315631832395
-1987898227354595146
326522663292615361
2420445973558561294
-740955067961575353
4131401074808380167
3270523878928033732
1427480108922719997
2664639178246128261
-2613846958434264519
897892318617777226
959708810829750823
-3313951680583814685
3439926605390205239
-1881529678928736290
-4173294341650108461
-3249650832664050303
1424282679869671519
-714251810593242248
-3610245520533024634
4258599080609641973
-3115566963968464579
-3352723095663219642
886619559700394458
-1938405083941603566
703628756739596483
3724651711512679557
2870238600664519136
-3573537823205945482
4431589584351709943
3319274834889325078
-4257534950936370252
-2045684042244473056
1588242949132849582
4221191836220156101
-1095284421922128060
2146190387911065017
-3373352208947006745
-707196542200914941
-1276437897965182528
1612047939746447719
2820737044964919130
1754701669129227304
698316446703452218
2153739550732909984
-4344589782292001967
-3235797334744514188
-2643331343287872058
2516159849381740286
1195933595863344018
4145918056361447947
-2123008454440400176
-1273577206080997123
-3020271840070145503
-2862354319211097610
-1892646067442436855
1512520653651008297
4571204949634672166
1067035324715263946
1644177065843392736
-942351165005817333
1063761116456065731
